532993503.000000
408057927.000000
718198920.000000
416916.000000
289998114.000000
49098555.000000
448513791.000000
727402464.000000
283126536.000000
219674702.000000
300791375.000000
863027.000000
80301642.000000
242341550.000000
82089865.000000
29308428.000000
154879689.000000
61437474.000000
123222196.000000
373368476.000000
181451428.000000
689411846.000000
184457168.000000
27616383.000000
13934228.000000
98646240.000000
51924075.000000
404884164.000000
299067552.000000
481223790.000000
328369050.000000
670253580.000000
369457610.000000
237051500.000000
72103013.000000
620008449.000000
174703074.000000
322468875.000000
23034240.000000
34155672.000000
100196500.000000
135803250.000000
216747020.000000
374651370.000000
378297120.000000
329148900.000000
368221700.000000
421625120.000000
576478848.000000
856481633.000000
66274461.000000
445337655.000000
180716288.000000
390026334.000000
649309668.000000
19321452.000000
87002856.000000
28673946.000000
673908868.000000
585282357.000000
177330057.000000
535791624.000000
394980521.000000
4666420.000000
