46744.000000
44872.000000
53943.000000
11305.000000
34291.000000
17436.000000
44800.000000
54060.000000
37362.000000
34257.000000
34920.000000
1908.000000
19697.000000
33897.000000
20806.000000
10861.000000
25034.000000
22989.000000
25895.000000
39627.000000
30761.000000
52995.000000
29739.000000
26184.000000
8436.000000
19892.000000
20380.000000
40325.000000
35748.000000
44779.000000
37489.000000
52857.000000
38631.000000
32904.000000
24294.000000
50990.000000
32365.000000
37116.000000
10716.000000
12643.000000
24935.000000
23957.000000
29451.000000
38963.000000
40228.000000
40159.000000
38667.000000
44556.000000
48484.000000
58674.000000
16290.000000
42256.000000
28551.000000
39731.000000
51284.000000
10903.000000
18770.000000
11247.000000
52679.000000
48822.000000
26998.000000
46525.000000
39978.000000
21431.000000
